terrain
10 10
0.1241670 0.0833555 0.0645686 0.0768133 0.0919314 0.110627 0.1448660 0.1992940 0.2714910 0.3622150 0.4233810
0.0916692 0.0665179 0.0619165 0.0732308 0.1047100 0.150167 0.2150660 0.3002210 0.3867540 0.4420520 0.4197780
0.0810414 0.0631844 0.0701143 0.1055560 0.1459440 0.196580 0.2644150 0.3377140 0.4036220 0.4153440 0.4010780
0.1446780 0.1463480 0.1351880 0.1094620 0.0981446 0.113194 0.1291680 0.1473090 0.1812860 0.2419050 0.3179380
0.2155680 0.2454240 0.2130820 0.1577830 0.1311530 0.116088 0.1029440 0.1109250 0.1515810 0.2114540 0.2700610
0.1556440 0.1208260 0.0900159 0.0763102 0.0867843 0.119330 0.1728730 0.2629390 0.3354340 0.3464140 0.3497340
0.2042090 0.2960600 0.3714930 0.4162720 0.4347640 0.397863 0.3464240 0.3335260 0.2768220 0.1642320 0.0855956
0.4128420 0.4228510 0.3437740 0.2396570 0.1863390 0.141074 0.0886829 0.0628710 0.0826704 0.1518540 0.2355670
0.3728340 0.4035500 0.4432060 0.4667140 0.4092840 0.297590 0.2393780 0.1952890 0.1432930 0.1220310 0.1666130
0.4587110 0.4442390 0.3935940 0.3474130 0.3003550 0.199025 0.0875018 0.0319915 0.0184779 0.0298781 0.0223578
