terrain
10 10
0.755979 0.678388 0.597066 0.566076 0.582477 0.609494 0.585020 0.499725 0.439672 0.424253
0.856404 0.731243 0.628345 0.633577 0.718819 0.771827 0.717607 0.590066 0.488332 0.135011
0.844326 0.732999 0.653800 0.683477 0.804327 0.882097 0.815592 0.671157 0.550645 0.166853
0.746157 0.688839 0.632392 0.638733 0.744661 0.847752 0.810276 0.686151 0.569092 0.280656
0.636035 0.556468 0.458731 0.599711 0.661616 0.740530 0.851745 0.645251 0.437665 0.279680
0.556816 0.498397 0.412562 0.570226 0.674999 0.780833 0.881121 0.656259 0.443042 0.288356
0.511356 0.464262 0.403701 0.567332 0.659930 0.755968 0.857504 0.641163 0.432810 0.266191
0.492264 0.449788 0.413994 0.368602 0.311423 0.273584 0.870329 0.665956 0.465130 0.289824
0.466913 0.438706 0.406617 0.341229 0.258555 0.202195 0.178764 0.166638 0.165545 0.186336
0.458471 0.412291 0.356056 0.297764 0.240055 0.184944 0.142337 0.118338 0.108328 0.116856
